image: /home/dji/RMUC24/src/nav/map/202401.pgm
resolution: 0.050000
origin: [-204.824982, -204.824982, 0.000000]
negate: 0
occupied_thresh: 0.65
free_thresh: 0.196

